01001101
00111101
01001110
00110111
01001100
00011111
00101101
00010010
00110111
01000011
01011000
01011010
00111101
01000000
00100001
01000110
00110010
01001110
00101110
00110101
00101101
00110111
01001101
01000000
01001110
00100101
00111110
00101011
01010101
01001001
01001101
00110101
00011111
00101011
00100011
01001110
00111001
01010101
00110101
01001101
01000100
01010000
01000111
00101000
00100100
00000111
00110011
00110010
01100110
01010011
01011100
01000001
00111011
00111101
00101100
00110111
00010001
00101100
00011101
01010100
01010111
01101101
01010110
00111010
00101111
00011000
00110111
00100011
01000011
00100110
01000010
00111100
01011000
01011100
01001011
01000001
00010111
00101101
00011101
01001101
00111011
01001110
00110100
00110111
00111111
00111111
01010101
00110101
01000011
00011110
01000000
00110101
01010000
00111111
00110010
00101100
00100001
01001000
01000001
01100110
00111111
01001001
00100111
00110110
00110100
00110011
00111000
00011111
00111011
00110001
01100110
01010110
01100101
00111001
00101001
00011010
00011001
00110111
00101110
01001101
00110010
01010111
01001000
01100101
01001110
00111011
00100010
00001000
00100100
00100100
01011001
01000110
01011110
00111101
01001010
01000001
01000001
00111110
00011110
00101001
00010100
01000110
01000000
01100101
01001000
01000100
00110000
00101101
01000010
00110111
01001101
00100110
00111100
00100100
01001001
01000010
01001011
00111110
00101011
00111011
00110010
01011100
01000001
01010001
00100010
00101010
00100000
00110110
01001000
01000000
01010000
00110011
01010100
00111110
01011010
00110100
00101110
00010011
00010110
00110100
01000000
01101001
01001101
01011110
00110011
01000110
00101111
00110111
00100111
00011001
00101000
00101000
01011111
01010110
01110011
01000010
00111111
00011110
00100110
00101111